1 0 0 50 50
4 100 0 150 50
5 190 0 240 50
6 290 0 340 50
7 390 0 440 50
8 480 0 530 50
l 0 100 50 100
m 100 100 150 100
n 190 100 240 100
o 290 100 340 100
p 390 100 440 100
9 480 100 530 100
k 0 200 50 250
q 100 200 150 250
r 190 200 240 250 
s 290 200 340 250 
t 390 200 440 250
b 480 200 530 250
j 0 280 50 330
u 100 280 150 330
v 190 280 240 330 
w 290 280 340 330
x 390 280 440 330
c 480 280 530 330
i 0 370 50 420
h 110 370 160 420
g 190 370 240 420
f 290 370 340 420
e 390 370 440 420
d 480 370 530 420

